#col0row7kij0[msb-lsb],col0row6[msb-lst],....,col0row0[msb-lst]#
#col1row7kij0[msb-lsb],col1row6[msb-lst],....,col1row0[msb-lst]#
#................#
01111111100101111001011110011001
10011111100101111001100110010111
10010000100101111001011110010111
01111111011110011001100101111001
01111111100110011001011110010111
01111111100110010111011101110111
01111111100110010111100101111001
10010000100101110111011110010111
01111111100101111001011101110111
01110000011101111001100101110111
10010000100110011001011110010111
10011111011110010111100110010111
01111111100101111001011110011001
10011111100101111001100110010111
10011111011101110111011110010111
01110000011110010111011101111001
01111111100110010111100110010111
10010000011110010111100110010111
10010000100110010111011110011001
10010000011101110111011110010111
01111111100110011001100110011001
10010000100110011001011110010111
10011111100101111001011101111001
10010000011110010111100110010111
01110000100110011001011110011001
01110000011110010111011101110111
10010000011110010111011101111001
10011111100110011001100110011001
01111111011110010111011110010111
01111111011110011001011101110111
01110000011101111001100110011001
01110000011101110111011101110111
01110000011101111001011101110111
10010000100101110111011101111001
10010000011110011001100101111001
10011111100101110111100101110111
01111111100110011001100110010111
10011111100101110111011110011001
01110000100110010111100110010111
01110000100110010111011101111001
10010000011110011001100110010111
10010000011101111001100101111001
01110000011101111001011110010111
10010000011110010111100101110111
01110000011110011001011110011001
01111111011101111001011110010111
01110000100101111001100101111001
10011111100110010111011110011001
10010000100101111001011110011001
01110000011110011001011110010111
01111111011101110111011101111001
10010000011101111001011110011001
01111111100101110111100110010111
01110000100101111001011110010111
10010000100101111001011101111001
01110000011110011001100110011001
01110000100110010111011110011001
10010000100110011001100101110111
10011111100110010111011101111001
10010000100101110111011110011001
10011111011101111001100101111001
10010000100101110111011101110111
01110000011110010111100101111001
01110000100101110111011110010111
10010000011110011001100101111001
10010000011110011001100101110111
01111111100110010111011101111001
10010000100110010111100101110111
01111111100110010111011110010111
01111111011110011001100110010111
10010000100110011001100101111001
10010000100101110111011110011001
