#time0col7[msb-lsb],time0col6[msb-lst],....,time0col0[msb-lst]#
#time1col7[msb-lsb],time1col6[msb-lst],....,time1col0[msb-lst]#
#................#
1111111110111110 1111111111101110 0000000010000110 0000000000010001 1111111111000010 0000000000000101 0000000001110000 0000000010010100
1111111110101001 0000000000000001 0000000011111010 0000000011110001 0000000010001001 0000000001100111 0000000110001110 1111111111100000
1111111011110000 1111111101000111 1111111110110111 0000000011101100 1111111111101101 1111111110001110 0000000100001001 1111111110000101
1111111101111000 1111111111001101 0000000000000010 0000000010111110 1111111110000101 1111111100111101 0000000001000000 1111111110001111
1111111110001011 1111111111101011 0000000010100111 0000000001010111 0000000001010110 0000000000100010 0000000011100011 0000000011010000
1111111101001001 0000000000101100 0000000011111011 0000000111000000 0000000101010101 0000000001111011 0000001000001011 1111111101111100
1111111010111100 1111111011111111 1111111011111101 0000000111000011 0000000001001101 1111111111001000 0000000011111010 1111111101110101
1111111111101111 1111111110111001 1111111110000001 0000000101000001 1111111100100100 1111111110000111 1111111111100101 1111111110000111
1111111110010011 0000000000000001 1111111111101111 0000000010000100 0000000100100011 0000000000001100 0000000001100101 0000000010110110
1111111101011110 0000000011010000 0000000001100000 0000000110101001 0000001000100111 0000000011100111 0000000100101101 1111111110010110
1111111101111001 0000000000010111 1111111101001010 0000000110010110 0000000011010010 0000000010000000 0000000000100011 1111111110110001
0000000010101111 0000000001111111 1111111111111001 0000000011101111 1111111110001100 0000000000000010 1111111101100110 1111111110011111
1111111110110100 0000000000001001 1111111111001100 0000000001001000 0000000011001101 0000000001000111 1111111111111111 0000000001000101
1111111110101110 0000000001010110 0000000001001101 0000000010110000 0000000101001000 0000000100010011 0000000001011110 1111111111010110
0000000000101011 0000000000100101 0000000001010001 0000000011000001 0000000001001101 0000000100000110 1111111111100111 1111111111101011
0000000011111110 0000000001011111 0000000011001000 0000000000010100 1111111101101100 0000000001010110 1111111110110111 1111111110110100

