10110101001000000000000000000000
10111011010100100000000000000000
00001011101101010000000000000000
00110000000000001011010100100000
01000011000000001011101101010010
00000100001100000000101110110101
00110011001000000011000000000000
01000011001100100100001100000000
00000100001100110000010000110000
11101000000000000000000000000000
00011110100000000000000000000000
00000001111010000000000000000000
11111111001000001110100000000000
01101111111100100001111010000000
00000110111111110000000111101000
01110110000000001111111100100000
00000111011000000110111111110010
00000000011101100000011011111111
00000000000000000000000000000000
00000000000000000000000000000000
00000000000000000000000000000000
00000000000000000000000000000000
00000000000000000000000000000000
00000000000000000000000000000000
00000000000000000000000000000000
00000000000000000000000000000000
00000000000000000000000000000000
00000000010000000000000000000000
00000000000001000000000000000000
00000000000000000000000000000000
00000000000000000000000001000000
00000000000000000000000000000100
00000000000000000000000000000000
00110000000000000000000000000000
01110011000000000000000000000000
00000111001100000000000000000000
00000000000000000000000000000000
00000000000000000000000000000000
00000000000000000000000000000000
11010000000000000000000000000000
01001101000000000000000000000000
00000100110100000000000000000000
11110001000000001101000000000000
10011111000100000100110100000000
00001001111100010000010011010000
00000000000000000000000000000000
11110000000000000000000000000000
00001111000000000000000000000000
00000000000000000000000000000000
11110000000000001111000000000000
00001111000000000000111100000000
11110000000000000000000000000000
11111111000000001111000000000000
00001111111100000000111100000000
00000000000000000000000000000000
00000000000000000000000000000000
00000000000000000000000000000000
00000000000000000000000000000000
00000000000000000000000000000000
00000000000000000000000000000000
01010000000000000000000000000000
00000101000000000000000000000000
00000000010100000000000000000000
00110000100000000000000000000000
00000011000010000000000000000000
00000000001100000000000000000000
00000000111100000011000010000000
00000000000011110000001100001000
00000000000000000000000000110000
00000000111100000000000011110000
00000000000011110000000000001111
00000000000000000000000000000000
